0.0
0.0
0.0
0.0
0.0
0.027290692079488442
0.02862974630501826
0.029944410557277885
0.03162292693703256
0.03138259144736322
0.04248585754871786
0.03692647927481041
0.029944410557277885
0.03162292693703256
0.03138259144736322
0.04248585754871786
0.03692647927481041
0.03840159513958036
0.03162292693703256
0.03138259144736322
0.04248585754871786
0.03692647927481041
0.03840159513958036
0.039926069582880246
0.03138259144736322
0.04248585754871786
0.03692647927481041
0.03840159513958036
0.039926069582880246
0.041983747530036745
0.04248585754871786
0.03692647927481041
0.03840159513958036
0.039926069582880246
0.041983747530036745
0.04096794919289725
0.03692647927481041
0.03840159513958036
0.039926069582880246
0.041983747530036745
0.04096794919289725
0.06339258693310168
0.03840159513958036
0.039926069582880246
0.041983747530036745
0.04096794919289725
0.06339258693310168
0.04694951586517791
0.039926069582880246
0.041983747530036745
0.04096794919289725
0.06339258693310168
0.04694951586517791
0.04924259083403586
0.041983747530036745
0.04096794919289725
0.06339258693310168
0.04694951586517791
0.04924259083403586
0.051612007171939575
0.04096794919289725
0.06339258693310168
0.04694951586517791
0.04924259083403586
0.051612007171939575
0.05396380991178405
0.06339258693310168
0.04694951586517791
0.04924259083403586
0.051612007171939575
0.05396380991178405
0.056977018488026755
0.04694951586517791
0.04924259083403586
0.051612007171939575
0.05396380991178405
0.056977018488026755
0.05653630548088299
0.04924259083403586
0.051612007171939575
0.05396380991178405
0.056977018488026755
0.05653630548088299
0.0774341170432582
0.051612007171939575
0.05396380991178405
0.056977018488026755
0.05653630548088299
0.0774341170432582
0.06609458592262552
0.05396380991178405
0.056977018488026755
0.05653630548088299
0.0774341170432582
0.06609458592262552
0.06892854467748644
0.056977018488026755
0.05653630548088299
0.0774341170432582
0.06609458592262552
0.06892854467748644
0.07183050947653224
0.05653630548088299
0.0774341170432582
0.06609458592262552
0.06892854467748644
0.07183050947653224
0.0755670964887114
0.0774341170432582
0.06609458592262552
0.06892854467748644
0.07183050947653224
0.0755670964887114
0.07465066647181073
0.06609458592262552
0.06892854467748644
0.07183050947653224
0.0755670964887114
0.07465066647181073
0.10939741614723182
0.06892854467748644
0.07183050947653224
0.0755670964887114
0.07465066647181073
0.10939741614723182
0.08599380145338918
0.07183050947653224
0.0755670964887114
0.07465066647181073
0.10939741614723182
0.08599380145338918
0.08972919634934316
0.0755670964887114
0.07465066647181073
0.10939741614723182
0.08599380145338918
0.08972919634934316
0.09389529521951898
0.07465066647181073
0.10939741614723182
0.08599380145338918
0.08972919634934316
0.09389529521951898
0.09825016339080192
0.10939741614723182
0.08599380145338918
0.08972919634934316
0.09389529521951898
0.09825016339080192
0.10360943709317857
0.08599380145338918
0.08972919634934316
0.09389529521951898
0.09825016339080192
0.10360943709317857
0.10357348927301355
0.08972919634934316
0.09389529521951898
0.09825016339080192
0.10360943709317857
0.10357348927301355
0.1437903610449347
0.09389529521951898
0.09825016339080192
0.10360943709317857
0.10357348927301355
0.1437903610449347
0.11748726298341912
0.09825016339080192
0.10360943709317857
0.10357348927301355
0.1437903610449347
0.11748726298341912
0.12456236678137074
0.10360943709317857
0.10357348927301355
0.1437903610449347
0.11748726298341912
0.12456236678137074
0.1311138676486494
0.10357348927301355
0.1437903610449347
0.11748726298341912
0.12456236678137074
0.1311138676486494
0.1374215337091449
0.1437903610449347
0.11748726298341912
0.12456236678137074
0.1311138676486494
0.1374215337091449
0.143563322180698
0.11748726298341912
0.12456236678137074
0.1311138676486494
0.1374215337091449
0.143563322180698
0.15426995903110297
0.12456236678137074
0.1311138676486494
0.1374215337091449
0.143563322180698
0.15426995903110297
0.1756561362731139
0.1311138676486494
0.1374215337091449
0.143563322180698
0.15426995903110297
0.1756561362731139
0.1757987337409754
0.1374215337091449
0.143563322180698
0.15426995903110297
0.1756561362731139
0.1757987337409754
0.1787994339236125
0.143563322180698
0.15426995903110297
0.1756561362731139
0.1757987337409754
0.1787994339236125
0.18340121308911536
0.15426995903110297
0.1756561362731139
0.1757987337409754
0.1787994339236125
0.18340121308911536
0.19306020200919577
0.1756561362731139
0.1757987337409754
0.1787994339236125
0.18340121308911536
0.19306020200919577
0.17709006594208973
0.1757987337409754
0.1787994339236125
0.18340121308911536
0.19306020200919577
0.17709006594208973
0.37705626149789306
0.1787994339236125
0.18340121308911536
0.19306020200919577
0.17709006594208973
0.37705626149789306
0.17970004950999804
0.18340121308911536
0.19306020200919577
0.17709006594208973
0.37705626149789306
0.17970004950999804
0.20235300371641823
0.19306020200919577
0.17709006594208973
0.37705626149789306
0.17970004950999804
0.20235300371641823
0.22212407042283813
0.17709006594208973
0.37705626149789306
0.17970004950999804
0.20235300371641823
0.22212407042283813
0.23809420648997195
0.37705626149789306
0.17970004950999804
0.20235300371641823
0.22212407042283813
0.23809420648997195
0.2761922442318929
0.17970004950999804
0.20235300371641823
0.22212407042283813
0.23809420648997195
0.2761922442318929
0.03557305849325937
0.20235300371641823
0.22212407042283813
0.23809420648997195
0.2761922442318929
0.03557305849325937
0.3629641014778748
0.22212407042283813
0.23809420648997195
0.2761922442318929
0.03557305849325937
0.3629641014778748
0.36519536014770176
0.23809420648997195
0.2761922442318929
0.03557305849325937
0.3629641014778748
0.36519536014770176
0.3629641014778748
0.2761922442318929
0.03557305849325937
0.3629641014778748
0.36519536014770176
0.3629641014778748
0.37705626149789306
0.03557305849325937
0.3629641014778748
0.36519536014770176
0.3629641014778748
0.37705626149789306
0.2761922442318929
0.3629641014778748
0.36519536014770176
0.3629641014778748
0.37705626149789306
0.2761922442318929
0.9999999999999446
0.0
0.0
0.0
0.0
0.0
0.0
0.36519536014770176
0.3629641014778748
0.37705626149789306
0.2761922442318929
0.9999999999999446
0.2761922442318929
0.3629641014778748
0.37705626149789306
0.2761922442318929
0.9999999999999446
0.2761922442318929
0.37705626149789306
0.37705626149789306
0.2761922442318929
0.9999999999999446
0.2761922442318929
0.37705626149789306
0.3629641014778748
0.2761922442318929
0.9999999999999446
0.2761922442318929
0.37705626149789306
0.3629641014778748
0.36519536014770176
0.9999999999999446
0.2761922442318929
0.37705626149789306
0.3629641014778748
0.36519536014770176
0.3629641014778748
0.0
0.0
0.0
0.0
0.0
0.0
